8
50
6050060671375366504479199680125555354571111154849793880846497346573918278439742113929535410412245001
5
9397565044995155856228125
7
3975696968417043546334366800335740092975643885568
9
999100359916012598740083996400089999
11
1014850422703912515858714960329315071728515625
13
638902924581439305235376601256453667710751984282474308647224690000000000000
21
2075241656611614104155286266864721337256081440367755072250639160041999
23
9848446340875954835446488949003009999389837533352309190751670623374403436544

