100
18733 15798
13229 18540
3097 27112
16584 7868
8871 20257
7962 13301
22743 18219
2683 20106
8691 28757
22454 25322
2193 21549
25034 15551
18074 9982
21336 6040
5094 3096
4394 11760
18894 17623
18232 9923
2667 4815
17791 11538
13004 13685
12772 23679
1902 3387
13785 10593
20076 24171
23847 10202
15719 18880
25753 3792
28863 5020
9832 21889
8116 14226
21581 27010
19782 9813
24865 22449
2560 587
21919 15565
14273 22623
9243 4107
26011 10960
2632 16086
5130 26479
14220 20849
15358 27905
12573 14220
2924 10337
24042 11040
12496 15622
25982 2277
13367 20846
12658 15928
21434 4576
1492 23639
27200 28668
27746 11142
27561 377
15160 20623
14788 29381
29405 145
27285 11977
2298 209
22315 26340
11249 4810
29894 25164
25020 13261
16009 7677
29189 25375
185 18613
6945 15317
17280 22623
26459 2772
23000 11619
23396 7787
28932 22800
25866 26216
4776 28164
14357 15023
12435 13539
19833 260
8702 2784
13521 12643
10461 641
25951 28580
19254 2895
13896 24467
25519 28288
15171 6450
27839 8566
2170 26770
1365 28036
10917 24075
14131 13207
27030 14498
26746 4795
14758 23380
7579 16212
23955 18041
4785 19905
4552 24040
10733 18448
6438 6251
